300 Limestone -41301 288558 0
300 Limestone -55951 271565 0
300 Limestone -43322 239553 0
300 Limestone -62537 228043 0
300 Limestone -94477 228243 0
300 Limestone -110522 249722 0
300 Limestone 135005 123175 0
300 Limestone 15240 -158579 0
300 Limestone 92495 -132749 0
300 Limestone 383046 -92549 0
300 Limestone 299122 -85512 0
300 Limestone 237355 -164936 0
300 Limestone 244591 -190903 0
300 Limestone 338761 -205718 0
300 Limestone 359885 -200469 0
600 Limestone -108120 261059 0
600 Limestone -52587 264647 0
600 Limestone -8701 283440 0
600 Limestone 4128 273242 0
600 Limestone 3998 271121 0
600 Limestone 16092 264153 0
600 Limestone -37142 201538 0
600 Limestone -89046 153285 0
600 Limestone 8342 147572 0
600 Limestone 109989 196759 0
600 Limestone 141568 230907 0
600 Limestone -164381 64841 0
600 Limestone -167201 61298 0
600 Limestone -129015 -39541 0
600 Limestone -133445 -35240 0
600 Limestone -145781 -31969 0
600 Limestone -194906 -25780 0
600 Limestone -267051 -24387 0
600 Limestone -273321 -19667 0
600 Limestone -280837 -42089 0
600 Limestone -268788 -79095 0
600 Limestone -231390 -89530 0
600 Limestone -173249 -112173 0
600 Limestone -129599 -96956 0
600 Limestone -90458 -152279 0
600 Limestone -6449 -120483 0
600 Limestone 20776 -134970 0
600 Limestone 40251 -144691 0
600 Limestone 66757 -150677 0
600 Limestone 75115 -123003 0
600 Limestone 67878 -95777 0
600 Limestone 60593 -77891 0
600 Limestone 79671 -75852 0
600 Limestone 63823 8377 0
600 Limestone 186164 77070 0
600 Limestone 270772 47036 0
600 Limestone 107368 -43239 0
600 Limestone 121322 -88295 0
600 Limestone 175981 -40156 0
600 Limestone 158314 -65003 0
600 Limestone 177198 -86517 0
600 Limestone 168497 -108030 0
600 Limestone 343519 -83470 0
600 Limestone 308652 -100658 0
600 Limestone 226320 -200702 0
600 Limestone 245860 -218934 0
600 Limestone 225406 -237057 0
600 Limestone 295896 -272876 0
600 Limestone 370713 -221971 0
600 Limestone 385953 -254365 0
1200 Limestone 391118 -208703 0
1200 Limestone 348908 -163350 0
1200 Limestone 355116 -122970 0
1200 Limestone 311623 -69811 0
1200 Limestone 69552 -100369 0
1200 Limestone 50260 -157153 0
1200 Limestone -41845 -152412 0
1200 Limestone -55555 -129406 0
1200 Limestone -165002 -133278 0
1200 Limestone -178099 -165242 0
1200 Limestone -206173 -141689 0
1200 Limestone -227331 -158278 0
1200 Limestone -279020 -186294 0
1200 Limestone -280306 -181363 0
1200 Limestone -281761 -134704 0
1200 Limestone -261496 -116493 0
1200 Limestone -221697 -104736 0
1200 Limestone -107865 60191 0
1200 Limestone -55288 129003 0
1200 Limestone -53615 160376 0
1200 Limestone -80089 204747 0
1200 Limestone -156729 202160 0
1200 Limestone -151152 184381 0
1200 Limestone 146861 115063 0
1200 Limestone 284986 111894 0
1200 Limestone 219901 42217 0
1200 Limestone 225431 -6949 0
1200 Limestone 166452 7804 0
1200 Limestone 120085 -9957 0
300 Bauxite 261128 48275 0
300 Bauxite 198936 93354 0
300 Bauxite 103318 67499 0
300 Bauxite 89593 62639 0
300 Bauxite -5634 44274 0
600 Bauxite 263148 53611 0
600 Bauxite 199007 89173 0
600 Bauxite 106048 50479 0
600 Bauxite 39478 52120 0
600 Bauxite 2571 9834 0
600 Bauxite -150575 -23 0
1200 Bauxite 260299 56228 0
1200 Bauxite 116878 51511 0
1200 Bauxite -5293 92075 0
1200 Bauxite -59322 14595 0
1200 Bauxite -177367 44999 0
1200 Bauxite -217052 11242 0
300 Quartz 62290 -137424 0
300 Quartz 55042 -130641 0
300 Quartz 62111 207627 0
600 Quartz -194230 -140422 0
600 Quartz 305660 -301306 0
600 Quartz 308598 -296079 0
600 Quartz 190098 -17281 0
600 Quartz 196668 -13956 0
600 Quartz 34968 118464 0
600 Quartz 55253 205856 0
1200 Quartz 61654 196432 0
1200 Quartz 37926 120939 0
1200 Quartz -90474 67260 0
1200 Quartz -90370 63712 0
1200 Quartz -171986 -144146 0
1200 Quartz -167360 -145683 0
1200 Quartz 193980 -5468 0
300 SAM 272832 -261866 0
300 SAM 230542 -33617 0
300 SAM 152962 -24054 0
300 SAM 119149 71321 0
300 SAM 161929 103777 0
300 SAM 132958 240893 0
300 SAM 80730 204812 0
300 SAM -143612 20728 0
300 SAM -80870 -32419 0
300 SAM -46645 -252947 0
600 SAM -182183 -142367 0
600 SAM 15460 -804 0
1020 Iron 164518 238318 0
1200 Iron 133637 205792 0
1200 Iron 271771 100432 0
1200 Iron 242757 87933 0
1200 Iron 219395 37189 0
1200 Iron -96101 163753 0
1200 Iron -164443 171772 0
1200 Iron -167603 179557 0
1200 Iron -162724 182453 0
1200 Iron 245862 4379 0
1200 Iron 255908 -3071 0
1200 Iron 128573 1795 0
1200 Iron 124933 5226 0
1200 Iron 116236 -15552 0
1200 Iron 347228 -58491 0
1200 Iron 255250 -91660 0
1200 Iron 348526 -123751 0
1200 Iron 372374 -153421 0
1200 Iron 385303 -189928 0
1200 Iron 319464 -158098 0
1200 Iron 304840 -172908 0
1200 Iron 297576 -150186 0
1200 Iron 285861 -127665 0
1200 Iron 273730 -148173 0
1200 Iron 282689 -179305 0
1200 Iron 278266 -210772 0
1200 Iron 178062 -120504 0
1200 Iron 16236 -15552 0
1200 Iron 84199 -86394 0
1200 Iron 83509 -90507 0
1200 Iron 68075 -81001 0
1200 Iron 70865 -78126 0
1200 Iron 64576 -71387 0
1200 Iron 59113 -71502 0
1200 Iron -37614 -142250 0
1200 Iron -47085 -141055 0
1200 Iron -44869 -139480 0
1200 Iron -43382 -136820 0
1200 Iron -110588 -135153 0
1200 Iron -152490 -45787 0
1200 Iron -166731 -26566 0
1200 Iron -170448 -28321 0
1200 Iron -227411 -118862 0
1200 Iron -230853 -115124 0
1200 Iron -250080 -126363 0
1200 Iron -252033 -125001 0
600 Iron -260110 -27674 0
600 Iron -256244 -29564 0
600 Iron -263873 -30848 0
600 Iron -261358 -41228 0
600 Iron -258433 -40561 0
600 Iron -259120 -44689 0
600 Iron -186902 -118340 0
600 Iron -190787 -117690 0
600 Iron -187933 -114624 0
600 Iron -58996 -224575 0
600 Iron 374875 -259903 0
600 Iron 377738 -254226 0
600 Iron 280138 -261097 0
600 Iron 241091 -239788 0
600 Iron 256612 -197979 0
600 Iron 276674 -195100 0
600 Iron 298734 -199293 0
600 Iron 339300 -183354 0
600 Iron 338208 -177564 0
600 Iron 313010 -133842 0
600 Iron 266881 -120715 0
600 Iron 268524 -116944 0
600 Iron 245043 -22318 0
600 Iron 237725 -23006 0
600 Iron 233142 -26440 0
600 Iron 252751 29140 0
600 Iron 245700 30065 0
600 Iron 133276 197857 0
600 Iron 131967 194729 0
600 Iron 96959 157163 0
600 Iron 96326 159762 0
600 Iron 93730 160264 0
600 Iron 92725 163306 0
600 Iron -54101 229417 0
600 Iron -51645 229391 0
600 Iron -49077 231708 0
600 Iron -50407 302871 0
600 Iron -44922 302274 0
600 Iron -10234 291035 0
600 Iron -8997 293512 0
600 Iron -1126 285301 0
600 Iron 572 283802 0
300 Iron -64963 -201169 0
300 Iron -52877 -201762 0
300 Iron 242692 -149433 0
300 Iron 248481 -146160 0
300 Iron 264240 -162899 0
300 Iron 265501 -178206 0
300 Iron 314598 -196773 0
300 Iron 311799 -215343 0
300 Iron 283969 -121598 0
300 Iron 311230 -128705 0
300 Iron 330433 -142400 0
300 Iron 221481 146594 0
300 Iron 225651 147648 0
300 Iron 233433 145603 0
300 Iron 233293 139880 0
300 Iron -65049 137464 0
300 Iron -60453 141696 0
300 Iron -42273 132151 0
300 Iron -43327 130254 0
300 Iron -41484 125794 0
300 Iron -38249 127975 0
300 Iron -61757 194634 0
300 Iron -58919 195893 0
300 Iron -57161 192773 0
300 Iron -55693 194370 0
300 Iron -43940 207992 0
300 Iron -41928 206908 0
300 Iron -36500 243894 0
300 Iron -35041 245805 0
300 Iron -50102 284478 0
300 Iron -47534 289607 0
300 Iron -91268 253077 0
300 Iron -93267 254146 0
300 Iron -92372 266082 0
300 Iron -94007 268116 0
300 Iron -94905 262678 0
300 Iron -97178 264232 0
300 Iron -98579 265801 0
300 Iron -99587 267812 0
300 Uranium -132772 -187579 0
300 Uranium 180194 -189199 0
300 Uranium 168713 50839 0
600 Uranium 38000 91736 0
600 Uranium -75893 51637 0
120 Sulfur 94847 224537 0
300 Sulfur -39890 -93579 0
300 Sulfur -41122 -72631 0
300 Sulfur 128296 -75942 0
300 Sulfur 296500 13254 0
300 Sulfur 91305 220217 0
300 Sulfur 34655 284303 0
600 Sulfur -213023 -170021 0
600 Sulfur 380366 -109496 0
600 Sulfur 92073 3164 0
600 Sulfur -101382 91579 0
600 Sulfur 96368 220401 0
1200 Sulfur 188183 -247468 0
1200 Sulfur 246502 -277000 0
1200 Sulfur -145044 165965 0
1200 Sulfur 242310 152779 0
600 Caterium -135468 -174682 0
600 Caterium -12815 -104642 0
600 Caterium 103846 -94854 0
600 Caterium 224308 -128742 0
600 Caterium 114180 -17000 0
600 Caterium 208007 -16383 0
600 Caterium 211843 -18820 0
600 Caterium 90376 80714 0
600 Caterium 109619 155798 0
1200 Caterium 236609 -260096 0
1200 Caterium 406564 -206810 0
1200 Caterium -178491 -79788 0
1200 Caterium 208140 -23983 0
1200 Caterium -153387 82252 0
1200 Caterium 270786 120111 0
1200 Caterium -131574 227253 0
1200 Caterium -92343 281606 0
300 Copper 130551 179529 0
300 Copper -83134 275762 0
300 Copper -83962 273577 0
300 Copper -71673 106511 0
300 Copper -159616 112858 0
300 Copper -156723 109165 0
300 Copper -266904 -133355 0
300 Copper 20144 -169847 0
300 Copper 95346 -168442 0
300 Copper 256402 -184355 0
300 Copper 329410 -186014 0
300 Copper 326947 -209586 0
300 Copper 381666 -268290 0
600 Copper 287768 -274886 0
600 Copper 233447 -247935 0
600 Copper 270317 -211597 0
600 Copper 348939 -185584 0
600 Copper 252875 -161693 0
600 Copper 297710 -107996 0
600 Copper 297398 -96437 0
600 Copper 277591 -94119 0
600 Copper 355998 -66386 0
600 Copper 167904 -116373 0
600 Copper -96801 -135276 0
600 Copper -166357 -129628 0
600 Copper -163354 -192097 0
600 Copper -281346 -72000 0
600 Copper -268264 -54991 0
600 Copper -266712 -51318 0
600 Copper 297499 -7312 0
600 Copper 282284 63327 0
600 Copper 58031 82305 0
600 Copper 108117 152284 0
600 Copper 7172 155232 0
600 Copper 5024 159951 0
600 Copper -94265 165842 0
600 Copper -28703 198210 0
600 Copper -33328 231626 0
600 Copper -21265 283148 0
600 Copper -36771 296779 0
600 Copper 160086 259421 0
600 Copper 5251 157169 0
1200 Copper 80832 242478 0
1200 Copper -171879 185789 0
1200 Copper 225504 55773 0
1200 Copper 157738 14878 0
1200 Copper 152648 5227 0
1200 Copper 149937 4686 0
1200 Copper -148008 -30185 0
1200 Copper 56109 -85970 0
1200 Copper -21758 -145312 0
1200 Copper -26898 -145496 0
1200 Copper 342806 -114728 0
1200 Copper 355462 -149808 0
1200 Copper 380814 -169868 0
30 Oil 178265 206096 0
300 Oil -43612 -190316 0
300 Oil -32600 -192537 0
300 Oil 15357 -197672 0
300 Oil 29991 -186850 0
300 Oil 57114 -191300 0
300 Oil 146452 -22638 0
300 Oil 147769 -212912 0
300 Oil 167392 -88954 0
300 Oil 176297 -94197 0
600 Oil 185124 214442 0
600 Oil 49404 -4744 0
600 Oil 52589 -8859 0
600 Oil 173702 -91776 0
600 Oil 172814 -94608 0
600 Oil 148478 -193869 0
600 Oil 52471 -201465 0
600 Oil 26598 -193984 0
600 Oil -35726 -209521 0
600 Oil -232469 62838 0
600 Oil -229054 78058 0
1200 Oil -245049 90588 0
1200 Oil -252534 69813 0
1200 Oil 49639 656 0
1200 Oil 12163 -225348 0
1200 Oil 44496 -228950 0
1200 Oil 184227 217102 0
