300 Limestone -41301 288558 0 0 0
300 Limestone -55951 271565 0 1 0
300 Limestone -43322 239553 0 2 0
300 Limestone -62537 228043 0 3 0
300 Limestone -94477 228243 0 4 0
300 Limestone -110522 249722 0 5 0
300 Limestone 135005 123175 0 6 0
300 Limestone 15240 -158579 0 7 0
300 Limestone 92495 -132749 0 8 0
300 Limestone 383046 -92549 0 9 0
300 Limestone 299122 -85512 0 10 0
300 Limestone 237355 -164936 0 11 0
300 Limestone 244591 -190903 0 12 0
300 Limestone 338761 -205718 0 13 0
300 Limestone 359885 -200469 0 14 0
600 Limestone -108120 261059 0 15 0
600 Limestone -52587 264647 0 16 0
600 Limestone -8701 283440 0 17 0
600 Limestone 4128 273242 0 18 0
600 Limestone 3998 271121 0 19 0
600 Limestone 16092 264153 0 20 0
600 Limestone -37142 201538 0 21 0
600 Limestone -89046 153285 0 22 0
600 Limestone 8342 147572 0 23 0
600 Limestone 109989 196759 0 24 0
600 Limestone 141568 230907 0 25 0
600 Limestone -164381 64841 0 26 0
600 Limestone -167201 61298 0 27 0
600 Limestone -129015 -39541 0 28 0
600 Limestone -133445 -35240 0 29 0
600 Limestone -145781 -31969 0 30 0
600 Limestone -194906 -25780 0 31 0
600 Limestone -267051 -24387 0 32 0
600 Limestone -273321 -19667 0 33 0
600 Limestone -280837 -42089 0 34 0
600 Limestone -268788 -79095 0 35 0
600 Limestone -231390 -89530 0 36 0
600 Limestone -173249 -112173 0 37 0
600 Limestone -129599 -96956 0 38 0
600 Limestone -90458 -152279 0 39 0
600 Limestone -6449 -120483 0 40 0
600 Limestone 20776 -134970 0 41 0
600 Limestone 40251 -144691 0 42 0
600 Limestone 66757 -150677 0 43 0
600 Limestone 75115 -123003 0 44 0
600 Limestone 67878 -95777 0 45 0
600 Limestone 60593 -77891 0 46 0
600 Limestone 79671 -75852 0 47 0
600 Limestone 63823 8377 0 48 0
600 Limestone 186164 77070 0 49 0
600 Limestone 270772 47036 0 50 0
600 Limestone 107368 -43239 0 51 0
600 Limestone 121322 -88295 0 52 0
600 Limestone 175981 -40156 0 53 0
600 Limestone 158314 -65003 0 54 0
600 Limestone 177198 -86517 0 55 0
600 Limestone 168497 -108030 0 56 0
600 Limestone 343519 -83470 0 57 0
600 Limestone 308652 -100658 0 58 0
600 Limestone 226320 -200702 0 59 0
600 Limestone 245860 -218934 0 60 0
600 Limestone 225406 -237057 0 61 0
600 Limestone 295896 -272876 0 62 0
600 Limestone 370713 -221971 0 63 0
600 Limestone 385953 -254365 0 64 0
1200 Limestone 391118 -208703 0 65 0
1200 Limestone 348908 -163350 0 66 0
1200 Limestone 355116 -122970 0 67 0
1200 Limestone 311623 -69811 0 68 0
1200 Limestone 69552 -100369 0 69 0
1200 Limestone 50260 -157153 0 70 0
1200 Limestone -41845 -152412 0 71 0
1200 Limestone -55555 -129406 0 72 0
1200 Limestone -165002 -133278 0 73 0
1200 Limestone -178099 -165242 0 74 0
1200 Limestone -206173 -141689 0 75 0
1200 Limestone -227331 -158278 0 76 0
1200 Limestone -279020 -186294 0 77 0
1200 Limestone -280306 -181363 0 78 0
1200 Limestone -281761 -134704 0 79 0
1200 Limestone -261496 -116493 0 80 0
1200 Limestone -221697 -104736 0 81 0
1200 Limestone -107865 60191 0 82 0
1200 Limestone -55288 129003 0 83 0
1200 Limestone -53615 160376 0 84 0
1200 Limestone -80089 204747 0 85 0
1200 Limestone -156729 202160 0 86 0
1200 Limestone -151152 184381 0 87 0
1200 Limestone 146861 115063 0 88 0
1200 Limestone 284986 111894 0 89 0
1200 Limestone 219901 42217 0 90 0
1200 Limestone 225431 -6949 0 91 0
1200 Limestone 166452 7804 0 92 0
1200 Limestone 120085 -9957 0 93 0
300 Bauxite 261128 48275 0 94 0
300 Bauxite 198936 93354 0 95 0
300 Bauxite 103318 67499 0 96 0
300 Bauxite 89593 62639 0 97 0
300 Bauxite -5634 44274 0 98 0
600 Bauxite 263148 53611 0 99 0
600 Bauxite 199007 89173 0 100 0
600 Bauxite 106048 50479 0 101 0
600 Bauxite 39478 52120 0 102 0
600 Bauxite 2571 9834 0 103 0
600 Bauxite -150575 -23 0 104 0
1200 Bauxite 260299 56228 0 105 0
1200 Bauxite 116878 51511 0 106 0
1200 Bauxite -5293 92075 0 107 0
1200 Bauxite -59322 14595 0 108 0
1200 Bauxite -177367 44999 0 109 0
1200 Bauxite -217052 11242 0 110 0
300 Quartz 62290 -137424 0 111 0
300 Quartz 55042 -130641 0 112 0
300 Quartz 62111 207627 0 113 0
600 Quartz -194230 -140422 0 114 0
600 Quartz 305660 -301306 0 115 0
600 Quartz 308598 -296079 0 116 0
600 Quartz 190098 -17281 0 117 0
600 Quartz 196668 -13956 0 118 0
600 Quartz 34968 118464 0 119 0
600 Quartz 55253 205856 0 120 0
1200 Quartz 61654 196432 0 121 0
1200 Quartz 37926 120939 0 122 0
1200 Quartz -90474 67260 0 123 0
1200 Quartz -90370 63712 0 124 0
1200 Quartz -171986 -144146 0 125 0
1200 Quartz -167360 -145683 0 126 0
1200 Quartz 193980 -5468 0 127 0
300 Sam 272832 -261866 0 128 0
300 Sam 230542 -33617 0 129 0
300 Sam 152962 -24054 0 130 0
300 Sam 119149 71321 0 131 0
300 Sam 161929 103777 0 132 0
300 Sam 132958 240893 0 133 0
300 Sam 80730 204812 0 134 0
300 Sam -143612 20728 0 135 0
300 Sam -80870 -32419 0 136 0
300 Sam -46645 -252947 0 137 0
600 Sam -182183 -142367 0 138 0
600 Sam 15460 -804 0 139 0
1020 Iron 164518 238318 0 140 0
1200 Iron 133637 205792 0 141 0
1200 Iron 271771 100432 0 142 0
1200 Iron 242757 87933 0 143 0
1200 Iron 219395 37189 0 144 0
1200 Iron -96101 163753 0 145 0
1200 Iron -164443 171772 0 146 0
1200 Iron -167603 179557 0 147 0
1200 Iron -162724 182453 0 148 0
1200 Iron 245862 4379 0 149 0
1200 Iron 255908 -3071 0 150 0
1200 Iron 128573 1795 0 151 0
1200 Iron 124933 5226 0 152 0
1200 Iron 116236 -15552 0 153 0
1200 Iron 347228 -58491 0 154 0
1200 Iron 255250 -91660 0 155 0
1200 Iron 348526 -123751 0 156 0
1200 Iron 372374 -153421 0 157 0
1200 Iron 385303 -189928 0 158 0
1200 Iron 319464 -158098 0 159 0
1200 Iron 304840 -172908 0 160 0
1200 Iron 297576 -150186 0 161 0
1200 Iron 285861 -127665 0 162 0
1200 Iron 273730 -148173 0 163 0
1200 Iron 282689 -179305 0 164 0
1200 Iron 278266 -210772 0 165 0
1200 Iron 178062 -120504 0 166 0
1200 Iron 16236 -15552 0 167 0
1200 Iron 84199 -86394 0 168 0
1200 Iron 83509 -90507 0 169 0
1200 Iron 68075 -81001 0 170 0
1200 Iron 70865 -78126 0 171 0
1200 Iron 64576 -71387 0 172 0
1200 Iron 59113 -71502 0 173 0
1200 Iron -37614 -142250 0 174 0
1200 Iron -47085 -141055 0 175 0
1200 Iron -44869 -139480 0 176 0
1200 Iron -43382 -136820 0 177 0
1200 Iron -110588 -135153 0 178 0
1200 Iron -152490 -45787 0 179 0
1200 Iron -166731 -26566 0 180 0
1200 Iron -170448 -28321 0 181 0
1200 Iron -227411 -118862 0 182 0
1200 Iron -230853 -115124 0 183 0
1200 Iron -250080 -126363 0 184 0
1200 Iron -252033 -125001 0 185 0
600 Iron -260110 -27674 0 186 0
600 Iron -256244 -29564 0 187 0
600 Iron -263873 -30848 0 188 0
600 Iron -261358 -41228 0 189 0
600 Iron -258433 -40561 0 190 0
600 Iron -259120 -44689 0 191 0
600 Iron -186902 -118340 0 192 0
600 Iron -190787 -117690 0 193 0
600 Iron -187933 -114624 0 194 0
600 Iron -58996 -224575 0 195 0
600 Iron 374875 -259903 0 196 0
600 Iron 377738 -254226 0 197 0
600 Iron 280138 -261097 0 198 0
600 Iron 241091 -239788 0 199 0
600 Iron 256612 -197979 0 200 0
600 Iron 276674 -195100 0 201 0
600 Iron 298734 -199293 0 202 0
600 Iron 339300 -183354 0 203 0
600 Iron 338208 -177564 0 204 0
600 Iron 313010 -133842 0 205 0
600 Iron 266881 -120715 0 206 0
600 Iron 268524 -116944 0 207 0
600 Iron 245043 -22318 0 208 0
600 Iron 237725 -23006 0 209 0
600 Iron 233142 -26440 0 210 0
600 Iron 252751 29140 0 211 0
600 Iron 245700 30065 0 212 0
600 Iron 133276 197857 0 213 0
600 Iron 131967 194729 0 214 0
600 Iron 96959 157163 0 215 0
600 Iron 96326 159762 0 216 0
600 Iron 93730 160264 0 217 0
600 Iron 92725 163306 0 218 0
600 Iron -54101 229417 0 219 0
600 Iron -51645 229391 0 220 0
600 Iron -49077 231708 0 221 0
600 Iron -50407 302871 0 222 0
600 Iron -44922 302274 0 223 0
600 Iron -10234 291035 0 224 0
600 Iron -8997 293512 0 225 0
600 Iron -1126 285301 0 226 0
600 Iron 572 283802 0 227 0
300 Iron -64963 -201169 0 228 0
300 Iron -52877 -201762 0 229 0
300 Iron 242692 -149433 0 230 0
300 Iron 248481 -146160 0 231 0
300 Iron 264240 -162899 0 232 0
300 Iron 265501 -178206 0 233 0
300 Iron 314598 -196773 0 234 0
300 Iron 311799 -215343 0 235 0
300 Iron 283969 -121598 0 236 0
300 Iron 311230 -128705 0 237 0
300 Iron 330433 -142400 0 238 0
300 Iron 221481 146594 0 239 0
300 Iron 225651 147648 0 240 0
300 Iron 233433 145603 0 241 0
300 Iron 233293 139880 0 242 0
300 Iron -65049 137464 0 243 0
300 Iron -60453 141696 0 244 0
300 Iron -42273 132151 0 245 0
300 Iron -43327 130254 0 246 0
300 Iron -41484 125794 0 247 0
300 Iron -38249 127975 0 248 0
300 Iron -61757 194634 0 249 0
300 Iron -58919 195893 0 250 0
300 Iron -57161 192773 0 251 0
300 Iron -55693 194370 0 252 0
300 Iron -43940 207992 0 253 0
300 Iron -41928 206908 0 254 0
300 Iron -36500 243894 0 255 0
300 Iron -35041 245805 0 256 0
300 Iron -50102 284478 0 257 0
300 Iron -47534 289607 0 258 0
300 Iron -91268 253077 0 259 0
300 Iron -93267 254146 0 260 0
300 Iron -92372 266082 0 261 0
300 Iron -94007 268116 0 262 0
300 Iron -94905 262678 0 263 0
300 Iron -97178 264232 0 264 0
300 Iron -98579 265801 0 265 0
300 Iron -99587 267812 0 266 0
300 Uranium -132772 -187579 0 267 0
300 Uranium 180194 -189199 0 268 0
300 Uranium 168713 50839 0 269 0
600 Uranium 38000 91736 0 270 0
600 Uranium -75893 51637 0 271 0
120 Sulfur 94847 224537 0 272 0
300 Sulfur -39890 -93579 0 273 0
300 Sulfur -41122 -72631 0 274 0
300 Sulfur 128296 -75942 0 275 0
300 Sulfur 296500 13254 0 276 0
300 Sulfur 91305 220217 0 277 0
300 Sulfur 34655 284303 0 278 0
600 Sulfur -213023 -170021 0 279 0
600 Sulfur 380366 -109496 0 280 0
600 Sulfur 92073 3164 0 281 0
600 Sulfur -101382 91579 0 282 0
600 Sulfur 96368 220401 0 283 0
1200 Sulfur 188183 -247468 0 284 0
1200 Sulfur 246502 -277000 0 285 0
1200 Sulfur -145044 165965 0 286 0
1200 Sulfur 242310 152779 0 287 0
600 Caterium -135468 -174682 0 288 0
600 Caterium -12815 -104642 0 289 0
600 Caterium 103846 -94854 0 290 0
600 Caterium 224308 -128742 0 291 0
600 Caterium 114180 -17000 0 292 0
600 Caterium 208007 -16383 0 293 0
600 Caterium 211843 -18820 0 294 0
600 Caterium 90376 80714 0 295 0
600 Caterium 109619 155798 0 296 0
1200 Caterium 236609 -260096 0 297 0
1200 Caterium 406564 -206810 0 298 0
1200 Caterium -178491 -79788 0 299 0
1200 Caterium 208140 -23983 0 300 0
1200 Caterium -153387 82252 0 301 0
1200 Caterium 270786 120111 0 302 0
1200 Caterium -131574 227253 0 303 0
1200 Caterium -92343 281606 0 304 0
300 Copper 130551 179529 0 305 0
300 Copper -83134 275762 0 306 0
300 Copper -83962 273577 0 307 0
300 Copper -71673 106511 0 308 0
300 Copper -159616 112858 0 309 0
300 Copper -156723 109165 0 310 0
300 Copper -266904 -133355 0 311 0
300 Copper 20144 -169847 0 312 0
300 Copper 95346 -168442 0 313 0
300 Copper 256402 -184355 0 314 0
300 Copper 329410 -186014 0 315 0
300 Copper 326947 -209586 0 316 0
300 Copper 381666 -268290 0 317 0
600 Copper 287768 -274886 0 318 0
600 Copper 233447 -247935 0 319 0
600 Copper 270317 -211597 0 320 0
600 Copper 348939 -185584 0 321 0
600 Copper 252875 -161693 0 322 0
600 Copper 297710 -107996 0 323 0
600 Copper 297398 -96437 0 324 0
600 Copper 277591 -94119 0 325 0
600 Copper 355998 -66386 0 326 0
600 Copper 167904 -116373 0 327 0
600 Copper -96801 -135276 0 328 0
600 Copper -166357 -129628 0 329 0
600 Copper -163354 -192097 0 330 0
600 Copper -281346 -72000 0 331 0
600 Copper -268264 -54991 0 332 0
600 Copper -266712 -51318 0 333 0
600 Copper 297499 -7312 0 334 0
600 Copper 282284 63327 0 335 0
600 Copper 58031 82305 0 336 0
600 Copper 108117 152284 0 337 0
600 Copper 7172 155232 0 338 0
600 Copper 5024 159951 0 339 0
600 Copper -94265 165842 0 340 0
600 Copper -28703 198210 0 341 0
600 Copper -33328 231626 0 342 0
600 Copper -21265 283148 0 343 0
600 Copper -36771 296779 0 344 0
600 Copper 160086 259421 0 345 0
600 Copper 5251 157169 0 346 0
1200 Copper 80832 242478 0 347 0
1200 Copper -171879 185789 0 348 0
1200 Copper 225504 55773 0 349 0
1200 Copper 157738 14878 0 350 0
1200 Copper 152648 5227 0 351 0
1200 Copper 149937 4686 0 352 0
1200 Copper -148008 -30185 0 353 0
1200 Copper 56109 -85970 0 354 0
1200 Copper -21758 -145312 0 355 0
1200 Copper -26898 -145496 0 356 0
1200 Copper 342806 -114728 0 357 0
1200 Copper 355462 -149808 0 358 0
1200 Copper 380814 -169868 0 359 0
30 Oil 178265 206096 0 360 0
300 Oil -43612 -190316 0 361 0
300 Oil -32600 -192537 0 362 0
300 Oil 15357 -197672 0 363 0
300 Oil 29991 -186850 0 364 0
300 Oil 57114 -191300 0 365 0
300 Oil 146452 -22638 0 366 0
300 Oil 147769 -212912 0 367 0
300 Oil 167392 -88954 0 368 0
300 Oil 176297 -94197 0 369 0
600 Oil 185124 214442 0 370 0
600 Oil 49404 -4744 0 371 0
600 Oil 52589 -8859 0 372 0
600 Oil 173702 -91776 0 373 0
600 Oil 172814 -94608 0 374 0
600 Oil 148478 -193869 0 375 0
600 Oil 52471 -201465 0 376 0
600 Oil 26598 -193984 0 377 0
600 Oil -35726 -209521 0 378 0
600 Oil -232469 62838 0 379 0
600 Oil -229054 78058 0 380 0
1200 Oil -245049 90588 0 381 0
1200 Oil -252534 69813 0 382 0
1200 Oil 49639 656 0 383 0
1200 Oil 12163 -225348 0 384 0
1200 Oil 44496 -228950 0 385 0
1200 Oil 184227 217102 0 386 0
75 Oil 271425 111504 0 387 0
75 Oil 267439 110349 0 388 0
75 Oil 269500 115588 0 389 0
75 Oil 267123 115156 0 390 0
75 Oil 264052 112281 0 391 0
75 Oil 264231 114518 0 392 0
450 Oil 267295 113232 1 393 6 387 388 389 390 391 392
75 Oil -261941 70475 0 394 0
75 Oil -263342 72360 0 395 0
150 Oil -260626 72573 0 396 0
150 Oil -265378 72493 0 397 0
150 Oil -264373 76059 0 398 0
300 Oil -266195 75227 0 399 0
900 Oil -1431919408 73197 1 400 6 394 395 396 397 398 399
150 Oil -40200 -4304 0 401 0
150 Oil -43759 -8409 0 402 0
150 Oil -41776 -9868 0 403 0
300 Oil -38957 -10363 0 404 0
300 Oil -36959 -7834 0 405 0
300 Oil -43239 -6519 0 406 0
1350 Oil -1431696581 -1431663649 1 407 6 401 402 403 404 405 406
